0.24778
0.21795
0.24639
0.2291
0.23379
0.23877
0.23465
0.24722
0.22777
0.23769
0.22134
0.24574
0.2221
0.22176
0.24183
0.22128
0.23765
0.22706
0.24183
0.23582
0.23488
0.23345
0.24131
0.23931
0.23185
0.23647
0.22054
0.24419
0.22767
0.23801
0.22654
0.21571
0.24535
0.2246
0.24272
0.21796
0.25338
0.21878
0.24498
0.21973
0.23247
0.23707
0.21811
0.24995
0.21902
0.24934
0.24511
0.22289
0.25083
0.21374
0.24551
0.22317
0.24513
0.23839
0.23155
0.2494
0.21951
0.24843
0.22028
0.25217
0.22833
0.23775
0.2375
0.24002
0.22285
0.24872
0.22087
0.24946
0.22297
0.24397
0.23003
0.23313
0.24336
0.22505
0.25147
0.21622
0.24126
0.2184
0.24569
0.23648
0.21876
0.2369
0.22828
0.2397
0.24579
0.22494
0.24893
0.21364
0.24695
0.22515
0.24887
0.2376
0.23005
0.24747
0.22162
0.25073
0.24129
0.22153
0.24735
0.21821
0.25298
0.22402
0.24254
0.23196
0.23158
0.2348
0.22383
0.24741
0.21756
0.2459
0.21921
0.2429
0.22953
0.22176
0.24246
0.22088
0.2381
0.23616
0.22578
0.24449
0.21398
0.25054
0.22199
0.24826
0.22606
0.23148
0.2377
0.21958
0.25051
0.22043
0.21764
0.2498
0.23031
0.23881
0.22798
0.22338
0.24651
0.21975
0.25082
0.21991
0.24161
0.22961
0.23463
0.2447
0.22246
0.23783
0.23943
0.23007
0.245
0.21861
0.24796
0.21887
0.24559
0.2312
0.23972
0.23455
0.22416
0.2435
0.21528
0.25348
0.22792
0.24932
0.24657
0.21882
0.24972
0.22308
0.23953
0.22803
0.2221
0.24495
0.22403
0.25296
0.2139
0.24201
0.22052
0.23156
0.23809
0.22907
0.24686
0.22989
0.23883
0.24789
0.22103
0.24966
0.21611
0.25078
0.22628
0.24699
0.23804
0.23333
0.24518
0.22141
0.25154
0.22355
0.25254
0.24384
0.22778
0.23663
0.23832
0.22846
0.25022
0.21999
0.24918
0.22097
0.24736
0.22961
0.23752
0.24512
0.22353
0.25229
0.21407
0.24939
0.25103
0.21933
0.25042
0.21815
0.24882
0.23059
0.2398
0.24468
0.22054
0.24612
0.21724
0.25334
0.22632
0.24497
0.23374
0.2325
0.2398
0.23089
0.23547
0.23948
0.22321
0.24991
0.22029
0.24954
0.22349
0.24434
0.23057
0.23467
0.24491
0.2246
0.24586
0.21497
0.22977
0.24414
0.22181
0.25025
0.21649
0.24523
0.22385
0.23953
0.23607
0.22139
0.24487
0.2219
0.25378
0.22197
0.2468
0.22699
0.22884
0.22853
0.23998
0.2187
0.25046
0.21994
0.25008
0.2296
0.23791
0.2348
0.22532
0.24922
0.22166
0.24948
0.22286
0.245
0.22625
0.2366
0.2477
0.22297
0.23773
0.23435
0.22787
0.24078
0.22233
0.24815
0.21898
0.24616
0.2219
0.23618
0.23307
0.23311
0.24497
0.22071
0.25312
0.23981
0.22501
0.25042
0.2168
0.24991
0.22285
0.24549
0.23226
0.2342
0.24961
0.22239
0.25285
0.21644
0.24165
0.22672
0.24252
0.24815
0.22021
0.23463
0.2345
0.22686
0.24566
0.21895
0.24759
0.21815
0.24244
0.22497
0.23523
0.23441
0.23075
0.24433
0.21915
0.25304
0.25152
0.2222
0.24095
0.2271
0.22596
0.24114
0.21997
0.24774
0.22709
0.22894
0.24643
0.22039
0.2323
0.24302
0.21575
0.24605
0.25278
0.22631
0.23882
0.24489
0.21979
0.24096
0.24115
0.2217
0.25013
0.22553
0.23312
0.24763
0.21834
0.23571
0.24172
0.23485
0.2256
0.25224
0.22444
0.24225
0.24251
0.22062
0.24524
0.23971
0.22497
0.25122
0.22528
0.23646
0.24496
0.21815
0.23976
0.25208
0.23198
0.22858
0.25064
0.22276
0.24471
0.23899
0.22123
0.24807
0.23799
0.22704
0.25201
0.224
0.23916
0.24871
0.21775
0.22525
0.23046
0.24522
0.22224
0.23452
0.24225
0.21683
0.24691
0.22722
0.22518
0.24773
0.2204
0.23293
0.24519
0.21572
0.2203
0.2486
0.22415
0.22207
0.24896
0.21999
0.23784
0.23986
0.21736
0.24789
0.23483
0.21835
0.24671
0.21772
0.23515
0.24268
0.21468
0.21617
0.24465
0.22897
0.22412
0.24863
0.21921
0.23059
0.24641
0.21504
0.24372
0.23259
0.21941
0.24657
0.2258
0.23067
0.25036
0.24243
0.21657
0.24619
0.22763
0.22595
0.24872
0.22468
0.23326
0.24421
0.21316
0.24595
0.22905
0.22268
0.24652
0.22272
0.2388
0.22024
0.2527
0.22626
0.23679
0.25203
0.22139
0.24327
0.24253
0.22088
0.24922
0.22423
0.22324
0.25204
0.22408
0.23791
0.2456
0.23637
0.22037
0.2523
0.2235
0.23914
0.25217
0.21957
0.2452
0.23999
0.22185
0.24882
0.22232
0.22597
0.25166
0.22347
0.21861
0.24651
0.23209
0.22078
0.25059
0.22115
0.24066
0.25027
0.21836
0.24615
0.23713
0.22239
0.24837
0.21995
