0.06094
0.04463
0.04943
0.07207
0.08085
0.08325
0.08098
0.06519
0.06833
0.06788
0.04784
0.04964
0.0663
0.06716
0.06794
0.07874
0.08229
0.08263
0.08047
0.07264
0.074
0.07364
0.07486
0.05337
0.05207
0.05353
0.04634
0.04399
0.04412
0.05745
0.0566
0.05757
0.07812
0.07717
0.07814
0.05641
0.0555
0.04562
0.04441
0.04649
0.06272
0.06616
0.0843
0.0818
0.07266
0.07056
0.06995
0.06896
0.08149
0.07924
0.06691
0.06875
0.04865
0.05057
0.0519
0.04966
0.07315
0.07281
0.07971
0.08398
0.08345
0.0628
0.06104
0.0771
0.0829
0.08218
0.07852
0.05899
0.05908
0.04577
0.04625
0.06022
0.05912
0.06229
0.08271
0.08077
0.07622
0.07624
0.05216
0.08464
0.08083
0.07347
0.073
0.04953
0.05127
0.04884
0.04968
0.07247
0.06854
0.06704
0.08056
0.08625
0.0714
0.06875
0.05026
0.0463
0.04632
0.04996
0.05085
0.07273
0.07618
0.08541
0.08327
0.06194
0.06221
0.04497
0.04634
0.0467
0.05578
0.05555
0.07863
0.07857
0.07783
0.05673
0.05794
0.05993
0.08018
0.07787
0.07724
0.07686
0.05341
0.05324
0.05567
0.04607
0.04406
0.0624
0.06151
0.08035
0.04689
0.04437
0.06452
0.06456
0.08185
0.08487
0.08153
0.06898
0.06784
0.04552
0.04759
0.04827
0.05055
0.04848
0.07169
0.07025
0.07868
0.05119
0.0493
0.07269
0.07277
0.07298
0.08157
0.08085
0.06096
0.06007
0.04499
0.04336
0.04372
0.055
0.05383
0.07601
0.07776
0.0803
0.08011
0.07819
0.05796
0.05404
0.05508
0.04537
0.04643
0.06035
0.05976
0.07929
0.07643
0.07353
0.07578
0.0769
0.05508
0.05133
0.08221
0.07466
0.07451
0.05288
0.04899
0.04856
0.04469
0.04975
0.06803
0.06788
0.08274
0.08073
0.08081
0.06903
0.06856
0.04827
0.04814
0.08189
0.08314
0.06551
0.06513
0.04717
0.04687
0.05227
0.05235
0.05345
0.07364
0.07644
0.08228
0.0823
0.06325
0.06052
0.05815
0.04476
0.08135
0.07766
0.05747
0.05621
0.04503
0.04833
0.06078
0.06101
0.08181
0.07805
0.07932
0.07722
0.08025
0.05608
0.05466
0.05411
0.04539
0.04533
0.04681
0.06613
0.06567
0.08461
0.08236
0.07115
0.07178
0.07371
0.05108
0.04992
0.04821
0.04829
0.07108
0.0713
0.04819
0.05039
0.05039
0.05119
0.07352
0.07013
0.07127
0.08378
0.0855
0.06603
0.06615
0.047
0.04469
0.04639
0.05348
0.05528
0.07925
0.04387
0.04651
0.05532
0.0565
0.05491
0.07608
0.07513
0.07898
0.08253
0.06048
0.05792
0.05692
0.04325
0.04503
0.05824
0.05984
0.08111
0.0558
0.0452
0.04573
0.06103
0.06116
0.08151
0.08077
0.07965
0.07466
0.07383
0.05017
0.05007
0.04674
0.04691
0.06873
0.0667
0.08285
0.07942
0.06956
0.06816
0.04611
0.0493
0.04985
0.04977
0.04626
0.06947
0.06894
0.08156
0.08403
0.06615
0.0638
0.0626
0.0812
0.08314
0.06408
0.06183
0.06094
0.04222
0.04465
0.05538
0.05506
0.07745
0.0765
0.0761
0.07804
0.07984
0.05739
0.05722
0.04528
0.07722
0.07758
0.07705
0.0543
0.05599
0.04505
0.04387
0.0602
0.08071
0.0759
0.05428
0.06283
0.08282
0.07643
0.0544
0.04681
0.05131
0.04461
0.06501
0.08077
0.07152
0.04947
0.06858
0.08386
0.07193
0.05121
0.04873
0.06992
0.08346
0.04958
0.05153
0.07127
0.08071
0.06674
0.04621
0.04964
0.07379
0.08147
0.04533
0.05172
0.075
0.08152
0.06363
0.04548
0.05479
0.08175
0.06027
0.04641
0.07982
0.04628
0.05849
0.08084
0.08088
0.06071
0.04647
0.06107
0.08126
0.05764
0.04806
0.0613
0.08426
0.08041
0.05646
0.07593
0.05567
0.04691
0.06617
0.0838
0.05455
0.04947
0.06712
0.08613
0.07584
0.05218
0.04962
0.08304
0.07389
0.05072
0.04924
0.0493
0.05002
0.07047
0.08494
0.06947
0.04765
0.05038
0.08263
0.06712
0.04676
0.05032
0.07224
0.08156
0.06452
0.05424
0.0766
0.08422
0.06262
0.04861
0.0568
0.08022
0.08365
0.04571
0.05612
0.07853
0.08073
0.05794
0.04596
0.05874
0.07626
0.05493
0.07908
0.05605
0.04609
0.06188
0.0824
0.07768
0.05428
0.06281
0.07878
0.0743
0.05121
0.04514
0.06554
0.08035
0.05119
0.04626
0.07116
0.04865
0.0678
0.0806
0.07115
0.04785
0.04662
0.06867
0.07987
0.04981
0.04854
0.07189
0.08276
0.06774
0.04884
0.05045
0.08342
0.07394
0.08215
0.06448
0.0473
0.05157
0.07529
0.06359
0.04816
0.05464
0.07648
0.082
0.06099
0.04768
0.07536
0.07726
0.05779
0.04226
0.05489
0.07728
0.07734
0.05707
0.0566
0.07848
0.07755
0.05517
0.04427
0.05978
0.08071
0.05284
0.04524
