0.23911
0.24537
0.23953
0.2243
0.22707
0.22318
0.22068
0.23661
0.23455
0.23106
0.24522
0.24182
0.23022
0.23058
0.22648
0.22509
0.22215
0.2183
0.21938
0.2314
0.22751
0.23008
0.23116
0.24039
0.24543
0.24569
0.24209
0.24562
0.24815
0.23497
0.23515
0.23889
0.22048
0.22275
0.2242
0.23905
0.23536
0.24683
0.24557
0.24572
0.23813
0.23718
0.22447
0.22195
0.22594
0.2248
0.23513
0.23416
0.22147
0.22631
0.22938
0.23173
0.24625
0.24188
0.24161
0.24505
0.23112
0.23225
0.22634
0.22046
0.21991
0.2318
0.2355
0.22659
0.21819
0.22029
0.22498
0.2361
0.23429
0.24763
0.24486
0.23742
0.23883
0.23988
0.22742
0.22458
0.22429
0.22086
0.23896
0.22615
0.22433
0.22674
0.22487
0.24244
0.24579
0.24739
0.24558
0.23264
0.23354
0.23614
0.22678
0.22256
0.22956
0.22906
0.23991
0.24367
0.24409
0.24633
0.24892
0.23408
0.23026
0.21979
0.2205
0.23326
0.23598
0.24873
0.24716
0.24514
0.24014
0.24287
0.22708
0.23046
0.22752
0.23761
0.24261
0.2413
0.22615
0.2251
0.22248
0.22115
0.23651
0.23983
0.23655
0.24676
0.24435
0.23443
0.2376
0.22508
0.24633
0.24545
0.2351
0.23682
0.22724
0.22222
0.22005
0.22722
0.23046
0.24488
0.24453
0.24844
0.24258
0.24561
0.22993
0.23315
0.22681
0.24086
0.24603
0.22804
0.23094
0.22913
0.22098
0.21919
0.22852
0.23453
0.24529
0.24745
0.24307
0.2384
0.23991
0.22728
0.22715
0.22184
0.22356
0.22421
0.23434
0.23581
0.23863
0.24779
0.24591
0.24141
0.23832
0.22212
0.22784
0.22588
0.22628
0.22233
0.23783
0.23714
0.22319
0.22546
0.22136
0.23653
0.23895
0.24385
0.24833
0.24318
0.2324
0.23151
0.22016
0.22315
0.2247
0.22832
0.22641
0.2403
0.24087
0.22502
0.21929
0.2296
0.23118
0.24514
0.24604
0.24755
0.24521
0.24218
0.22923
0.23102
0.22509
0.22327
0.23493
0.23142
0.23638
0.24903
0.22156
0.22276
0.23129
0.23886
0.24817
0.24464
0.23905
0.23684
0.22316
0.22632
0.22783
0.2234
0.22224
0.23713
0.2357
0.23757
0.24518
0.25125
0.2503
0.23738
0.23492
0.21898
0.22495
0.22972
0.23048
0.22455
0.2418
0.24178
0.24397
0.24811
0.23415
0.23542
0.24279
0.24303
0.24589
0.24406
0.2313
0.22993
0.23235
0.2214
0.22241
0.23231
0.22865
0.24197
0.24405
0.24634
0.24456
0.24214
0.2256
0.24824
0.24931
0.24428
0.24199
0.24212
0.2268
0.23182
0.22748
0.22192
0.23537
0.23573
0.2373
0.24935
0.24964
0.24311
0.23808
0.22568
0.23804
0.2461
0.24436
0.23475
0.23824
0.22229
0.22523
0.22405
0.22445
0.22185
0.23683
0.24096
0.24581
0.24796
0.23384
0.23155
0.22237
0.22201
0.22655
0.22884
0.24158
0.24384
0.24519
0.24422
0.24426
0.2295
0.23372
0.22454
0.2204
0.22751
0.22881
0.23127
0.22448
0.21914
0.22954
0.23068
0.23345
0.24913
0.24585
0.24254
0.23933
0.22646
0.2262
0.22782
0.22647
0.22263
0.23513
0.23257
0.24392
0.22587
0.22152
0.22242
0.23551
0.2387
0.24734
0.24822
0.23826
0.22212
0.22349
0.23473
0.23958
0.22521
0.22567
0.24042
0.24673
0.23588
0.2453
0.23397
0.22073
0.22586
0.23901
0.2341
0.2205
0.22427
0.23862
0.24137
0.23015
0.21971
0.24402
0.2443
0.23286
0.22554
0.23069
0.24822
0.24942
0.23221
0.22582
0.24507
0.24566
0.23135
0.22352
0.23493
0.24573
0.24588
0.22445
0.23657
0.24618
0.22192
0.24573
0.24371
0.22908
0.22488
0.23644
0.24537
0.23957
0.22366
0.23876
0.24612
0.23988
0.22452
0.22599
0.24116
0.22275
0.23542
0.24296
0.2342
0.22225
0.24103
0.24492
0.23544
0.21947
0.22358
0.23993
0.24211
0.2247
0.22586
0.24404
0.2481
0.24078
0.2415
0.23109
0.218
0.2268
0.24288
0.24357
0.22279
0.22716
0.24239
0.24391
0.22811
0.2204
0.22826
0.24356
0.2286
0.22193
0.23501
0.24495
0.24494
0.22758
0.2221
0.2486
0.24254
0.22911
0.22215
0.23598
0.24779
0.24075
0.22752
0.23979
0.22275
0.23649
0.24645
0.23742
0.2263
0.22307
0.23793
0.23974
0.22698
0.22752
0.24072
0.24713
0.23564
0.22521
0.24295
0.25087
0.22395
0.23771
0.23217
0.22246
0.22734
0.24192
0.24529
0.23111
0.22325
0.24205
0.246
0.23016
0.21921
0.22873
0.24087
0.246
0.22345
0.2266
0.21788
0.2287
0.24148
0.24308
0.22679
0.23131
0.24369
0.24079
0.22679
0.21933
0.22959
0.24167
0.22986
0.22519
0.23452
0.24957
0.24364
0.22813
0.22726
0.23832
0.24256
0.22562
0.22342
0.23725
0.24616
0.23998
0.22655
0.2379
0.24528
