-0.03971
-0.04534
-0.05343
-0.05052
-0.04209
-0.04312
-0.04361
-0.03948
-0.03704
-0.03815
-0.04279
-0.04348
-0.05178
-0.05255
-0.05191
-0.04525
-0.04329
-0.04502
-0.04703
-0.03916
-0.03768
-0.04044
-0.03999
-0.04106
-0.04063
-0.04143
-0.0463
-0.0496
-0.04879
-0.05266
-0.05349
-0.05315
-0.04622
-0.04915
-0.05075
-0.05199
-0.05255
-0.0456
-0.04545
-0.04461
-0.03952
-0.03727
-0.04219
-0.04239
-0.04889
-0.05092
-0.03738
-0.03896
-0.04446
-0.0444
-0.05319
-0.05283
-0.05148
-0.04934
-0.04275
-0.04213
-0.04033
-0.04063
-0.04677
-0.04523
-0.04649
-0.05336
-0.05334
-0.03866
-0.0453
-0.04714
-0.04949
-0.0527
-0.05356
-0.04707
-0.04609
-0.03836
-0.04003
-0.03911
-0.04117
-0.04179
-0.04833
-0.04964
-0.05212
-0.04237
-0.04314
-0.04962
-0.05227
-0.05287
-0.05259
-0.0454
-0.04553
-0.03807
-0.03888
-0.04042
-0.04427
-0.04395
-0.05185
-0.0521
-0.05067
-0.05345
-0.05262
-0.04211
-0.04188
-0.04044
-0.03755
-0.04558
-0.04579
-0.0532
-0.05365
-0.05187
-0.0483
-0.04706
-0.04087
-0.04134
-0.0407
-0.04053
-0.04949
-0.04025
-0.04128
-0.04004
-0.03995
-0.04164
-0.0474
-0.05048
-0.05309
-0.05371
-0.05264
-0.04729
-0.04538
-0.03764
-0.03999
-0.04175
-0.04536
-0.04438
-0.03854
-0.03986
-0.04292
-0.04312
-0.04284
-0.05108
-0.05123
-0.05356
-0.05138
-0.04275
-0.04346
-0.04365
-0.03899
-0.03967
-0.04699
-0.04267
-0.04312
-0.0401
-0.03997
-0.03918
-0.04463
-0.04729
-0.05307
-0.05386
-0.05026
-0.05015
-0.04857
-0.03924
-0.04151
-0.03914
-0.04085
-0.04881
-0.04919
-0.04765
-0.05307
-0.0539
-0.05424
-0.04707
-0.04744
-0.03884
-0.03961
-0.04143
-0.04252
-0.04992
-0.05105
-0.05048
-0.05157
-0.05369
-0.04014
-0.05095
-0.05095
-0.05005
-0.05309
-0.05362
-0.04547
-0.04239
-0.03815
-0.03734
-0.04333
-0.04524
-0.04384
-0.05118
-0.05146
-0.05018
-0.04958
-0.04389
-0.0426
-0.05242
-0.05335
-0.04975
-0.05155
-0.04106
-0.04151
-0.04096
-0.03922
-0.03897
-0.04815
-0.04751
-0.05249
-0.05328
-0.05369
-0.04937
-0.04892
-0.04761
-0.05365
-0.05403
-0.04823
-0.04612
-0.04023
-0.03803
-0.04012
-0.04256
-0.04162
-0.04941
-0.04943
-0.05211
-0.05211
-0.0526
-0.04774
-0.04642
-0.04524
-0.03873
-0.03831
-0.04128
-0.04351
-0.05279
-0.05153
-0.05187
-0.05149
-0.05217
-0.04455
-0.04629
-0.03948
-0.03835
-0.05087
-0.05119
-0.04492
-0.04181
-0.03775
-0.03935
-0.03914
-0.04502
-0.04502
-0.05239
-0.05106
-0.05106
-0.05016
-0.04975
-0.04258
-0.04173
-0.0379
-0.05012
-0.04905
-0.04151
-0.04085
-0.04055
-0.03993
-0.04203
-0.04804
-0.04804
-0.05245
-0.05275
-0.05392
-0.04999
-0.04766
-0.0395
-0.03989
-0.0398
-0.05435
-0.04622
-0.04483
-0.03901
-0.03978
-0.04173
-0.04215
-0.04322
-0.04872
-0.05116
-0.05195
-0.05251
-0.04603
-0.04594
-0.03828
-0.03704
-0.04348
-0.04438
-0.0508
-0.05388
-0.0521
-0.05099
-0.04472
-0.04357
-0.04361
-0.03903
-0.04068
-0.04453
-0.04554
-0.05243
-0.05226
-0.05326
-0.04464
-0.04594
-0.05208
-0.05219
-0.0532
-0.05078
-0.04881
-0.03952
-0.03969
-0.03723
-0.04031
-0.04029
-0.04804
-0.04596
-0.05307
-0.05268
-0.04648
-0.04843
-0.04663
-0.04994
-0.05429
-0.05324
-0.04907
-0.04742
-0.03942
-0.04188
-0.04866
-0.05253
-0.03805
-0.04143
-0.05106
-0.05093
-0.04665
-0.05163
-0.04459
-0.03788
-0.04297
-0.04945
-0.05264
-0.03749
-0.04305
-0.05234
-0.04958
-0.04393
-0.0361
-0.04355
-0.05097
-0.04128
-0.03848
-0.04453
-0.05257
-0.05123
-0.04288
-0.03933
-0.04528
-0.05206
-0.04196
-0.04023
-0.04804
-0.05247
-0.05101
-0.04042
-0.04817
-0.05476
-0.04894
-0.04573
-0.04922
-0.0394
-0.03957
-0.04928
-0.05245
-0.04909
-0.0386
-0.04902
-0.05343
-0.04592
-0.03967
-0.0392
-0.04922
-0.05221
-0.05016
-0.05095
-0.04682
-0.0367
-0.04126
-0.0523
-0.04438
-0.03884
-0.04108
-0.05067
-0.05103
-0.04361
-0.04226
-0.0515
-0.05125
-0.04237
-0.05076
-0.04303
-0.03828
-0.04305
-0.05165
-0.04988
-0.04337
-0.04399
-0.05296
-0.05026
-0.041
-0.03948
-0.044
-0.0536
-0.04068
-0.03794
-0.04569
-0.0532
-0.04845
-0.04126
-0.03869
-0.04697
-0.04919
-0.04194
-0.04018
-0.04887
-0.05274
-0.04641
-0.0404
-0.04859
-0.05544
-0.05013
-0.05174
-0.04521
-0.03869
-0.03987
-0.05005
-0.05236
-0.03935
-0.04359
-0.05009
-0.05388
-0.045
-0.03749
-0.04322
-0.05324
-0.04671
-0.05206
-0.05148
-0.03773
-0.0432
-0.05016
-0.05196
-0.04329
-0.03796
-0.04445
-0.05159
-0.04333
-0.03884
-0.04436
-0.05161
-0.05041
-0.04183
-0.04584
-0.0386
-0.04513
-0.05153
-0.04898
-0.04042
-0.03845
-0.05309
-0.04819
-0.04147
-0.03788
-0.04682
-0.05281
-0.04616
-0.0394
-0.0478
-0.05367
-0.04943
-0.04106
-0.04117
-0.04834
-0.05414
-0.03971
-0.04194
-0.05065
-0.05255
-0.0481
-0.03892
-0.04185
-0.05322
-0.04547
